0	0	510887	
0	0	510901	
0	0	510915	
0	0	510928	
0	0	510942	
0	0	510955	
0	0	510968	
0	0	510983	
0	0	510996	
0	0	511009	
0	0	511023	
0	0	511036	
0	0	511050	
0	1	511064	
0	3	511077	
0	4	511090	
0	5	511104	
0	6	511118	
0	8	511131	
0	8	511144	
19	8	511158	
153	8	511173	
308	8	511188	
334	8	511205	
358	8	511220	
370	8	511236	
388	8	511251	
400	8	511267	
410	8	511283	
415	8	511298	
422	8	511313	
417	8	511330	
399	8	511345	
390	8	511361	
402	8	511376	
409	8	511391	
416	8	511408	
411	8	511423	
409	8	511438	
412	8	511454	
426	8	511470	
440	8	511485	
439	8	511501	
432	8	511516	
402	8	511533	
438	8	511548	
447	6	511563	
424	4	511579	
411	2	511595	
407	0	511610	
387	0	511626	
380	0	511641	
373	0	511656	
364	0	511673	
361	0	511688	
361	0	511704	
362	0	511719	
302	0	511735	
298	0	511751	
296	0	511766	
293	0	511781	
281	0	511798	
280	0	511813	
288	0	511828	
283	0	511844	
286	0	511860	
295	0	511876	
329	0	511891	
347	0	511906	
402	0	511922	
421	0	511938	
387	0	511953	
371	0	511969	
369	0	511984	
350	0	512001	
325	0	512016	
262	0	512031	
203	0	512047	
100	0	512063	
30	0	512077	
0	0	512092	
0	0	512105	
0	0	512119	
0	0	512133	
0	0	512146	
0	0	512159	
0	0	512173	
0	0	512187	
0	0	512200	
0	0	512214	
0	0	512227	
0	0	512240	
0	0	512254	
0	0	512268	
0	0	512281	
0	0	512294	
0	0	512308	
0	0	512322	
0	0	515972	
0	0	515986	
0	0	515999	
0	0	516013	
0	0	516026	
0	0	516040	
0	0	516054	
0	0	516067	
0	0	516080	
0	0	516093	
0	0	516108	
0	1	516121	
0	1	516134	
0	2	516148	
0	3	516161	
30	4	516175	
78	4	516190	
76	5	516204	
151	5	516219	
252	5	516235	
268	5	516250	
269	6	516267	
300	6	516282	
354	6	516297	
404	6	516313	
436	7	516329	
459	7	516344	
490	7	516360	
530	7	516375	
550	7	516391	
565	7	516407	
578	7	516422	
589	7	516438	
598	8	516454	
611	8	516469	
628	8	516485	
645	8	516500	
671	8	516515	
683	8	516532	
704	8	516547	
721	8	516562	
728	8	516578	
736	8	516594	
741	8	516610	
745	8	516625	
743	8	516640	
739	8	516657	
745	8	516672	
742	8	516687	
744	8	516703	
746	8	516719	
749	8	516734	
751	8	516750	
749	8	516765	
749	8	516781	
750	8	516797	
746	8	516812	
745	8	516828	
741	8	516843	
732	8	516859	
721	8	516875	
696	8	516890	
667	8	516905	
617	8	516922	
596	8	516937	
590	8	516953	
615	8	516968	
640	8	516983	
633	6	517000	
607	3	517015	
590	0	517030	
558	0	517046	
557	0	517062	
563	0	517078	
551	0	517093	
547	0	517108	
540	0	517125	
504	0	517140	
455	0	517155	
418	0	517171	
387	0	517187	
343	0	517202	
298	0	517218	
250	0	517233	
179	0	517250	
171	0	517266	
136	0	517281	
154	0	517297	
149	0	517313	
151	0	517329	
142	0	517346	
109	0	517362	
127	0	517379	
135	0	517395	
98	0	517410	
89	0	517426	
78	0	517441	
49	0	517456	
0	0	517471	
0	0	517485	
0	0	517499	
0	0	517515	
0	0	517529	
0	0	517542	
0	0	517557	
0	0	517571	
0	0	517585	
0	0	517600	
0	0	517613	
0	0	517627	
0	0	517643	
0	0	517657	
0	0	517671	
0	0	517685	
0	0	517699	
0	0	517714	
0	0	517729	
0	0	517743	
0	0	517757	
0	0	517773	
0	0	517787	
0	0	517801	
0	0	517816	
0	0	517830	
0	0	517846	
0	0	517860	
0	0	517874	
0	0	517889	
0	0	517904	
0	0	534460	
0	0	534474	
0	0	534490	
0	0	534504	
0	0	534518	
0	0	534533	
0	0	534548	
0	0	534562	
0	0	534577	
0	0	534591	
4	0	534605	
77	0	534621	
88	0	534637	
101	0	534652	
98	0	534667	
111	0	534682	
99	0	534697	
102	0	534713	
111	0	534728	
151	0	534744	
198	0	534760	
265	0	534775	
281	0	534791	
288	0	534806	
291	1	534821	
353	1	534838	
426	2	534853	
458	2	534868	
478	2	534884	
496	2	534900	
514	3	534916	
532	3	534931	
550	3	534946	
555	3	534963	
578	3	534978	
619	4	534993	
634	4	535009	
653	4	535025	
666	4	535041	
685	4	535056	
717	4	535071	
733	5	535087	
744	5	535103	
755	5	535118	
755	5	535134	
758	5	535149	
763	5	535165	
763	6	535181	
768	6	535196	
770	6	535212	
770	6	535228	
769	7	535243	
769	7	535259	
769	7	535274	
769	7	535290	
769	7	535306	
763	7	535321	
762	7	535336	
760	7	535352	
756	7	535368	
761	7	535384	
757	7	535399	
758	8	535414	
765	8	535431	
765	8	535446	
762	8	535461	
762	8	535477	
760	8	535493	
756	8	535508	
755	8	535524	
750	8	535539	
749	8	535556	
750	8	535571	
752	8	535586	
749	8	535602	
751	8	535617	
752	8	535633	
752	8	535649	
751	8	535664	
747	8	535680	
745	9	535696	
743	9	535711	
743	9	535727	
741	9	535742	
738	9	535758	
741	9	535774	
740	9	535789	
739	9	535804	
742	9	535820	
747	9	535836	
752	9	535852	
759	9	535867	
763	9	535882	
765	9	535899	
773	9	535914	
785	9	535929	
792	9	535945	
794	8	535961	
795	8	535976	
792	8	535992	
784	8	536007	
737	8	536024	
660	8	536039	
533	8	536054	
493	8	536070	
314	8	536085	
100	8	536101	
29	8	536116	
0	8	536130	
25	7	536144	
113	3	536160	
150	0	536175	
4	0	536189	
47	0	536203	
0	0	536218	
0	0	536231	
0	0	536246	
0	0	536260	
0	0	536275	
0	0	536290	
0	0	536304	
0	0	536318	
0	0	536333	
0	0	536348	
0	0	536363	
0	0	536377	
0	0	536391	
0	0	536406	
0	0	536421	
0	0	545874	
0	0	545888	
0	0	545901	
0	0	545914	
0	0	545929	
0	0	545942	
0	0	545955	
0	0	545969	
0	0	545982	
0	0	545996	
39	0	546010	
139	0	546025	
194	0	546040	
249	0	546056	
294	1	546072	
313	1	546087	
341	2	546103	
366	2	546118	
403	2	546134	
409	2	546150	
414	3	546165	
424	3	546181	
442	3	546196	
463	3	546212	
480	4	546228	
481	4	546243	
493	4	546258	
503	4	546275	
528	4	546290	
554	5	546306	
557	5	546321	
566	5	546336	
576	5	546353	
590	5	546368	
624	5	546383	
638	5	546399	
654	5	546415	
661	5	546430	
678	5	546446	
685	5	546461	
698	6	546478	
701	6	546493	
713	6	546508	
712	6	546524	
714	6	546540	
730	6	546555	
737	7	546571	
746	7	546586	
747	7	546601	
748	7	546618	
751	7	546633	
749	7	546649	
748	7	546664	
744	7	546680	
744	7	546696	
742	7	546711	
740	7	546726	
743	7	546743	
743	7	546758	
744	7	546774	
746	8	546789	
744	8	546805	
739	8	546821	
737	8	546836	
733	8	546851	
731	8	546867	
729	8	546883	
724	8	546898	
729	8	546914	
735	8	546929	
734	8	546946	
730	8	546961	
724	8	546976	
723	8	546992	
730	8	547008	
728	8	547023	
726	8	547039	
730	8	547054	
729	8	547070	
728	8	547086	
727	9	547101	
725	9	547117	
724	9	547132	
721	9	547148	
726	9	547164	
730	9	547179	
735	9	547194	
733	8	547211	
739	8	547226	
749	8	547241	
766	8	547257	
769	8	547273	
768	8	547289	
755	8	547304	
735	8	547319	
694	8	547335	
636	8	547351	
578	8	547366	
548	8	547382	
514	8	547397	
448	8	547414	
386	6	547429	
339	4	547444	
207	1	547460	
96	0	547475	
0	0	547489	
0	0	547503	
0	0	547516	
0	0	547531	
0	0	547546	
0	0	547560	
0	0	547574	
0	0	547590	
0	0	547603	
0	0	547616	
0	0	547630	
0	0	547643	
0	0	547657	
0	0	547671	
0	0	547684	
0	0	547697	
0	0	547710	
0	0	552733	
0	0	552748	
0	0	552762	
0	0	552776	
0	0	552792	
0	0	552806	
0	0	552820	
0	0	552835	
0	0	552850	
0	0	552864	
0	0	552879	
0	0	552893	
23	0	552906	
112	0	552922	
199	0	552938	
264	0	552953	
307	0	552969	
342	0	552984	
378	0	553000	
399	0	553016	
407	0	553031	
426	0	553047	
443	0	553063	
467	1	553078	
482	1	553094	
482	2	553109	
503	2	553124	
517	2	553141	
542	2	553156	
561	2	553171	
583	3	553187	
616	3	553203	
648	3	553219	
668	3	553234	
681	3	553249	
694	4	553266	
709	4	553281	
710	4	553296	
723	4	553312	
726	4	553328	
727	4	553344	
729	4	553359	
729	4	553374	
731	4	553390	
731	5	553406	
736	5	553421	
740	5	553437	
739	5	553452	
736	5	553468	
734	5	553484	
732	5	553499	
730	5	553515	
734	5	553531	
731	5	553546	
734	5	553562	
731	6	553577	
728	6	553593	
729	6	553609	
720	7	553624	
718	7	553639	
723	7	553655	
725	7	553671	
722	7	553687	
722	7	553702	
723	7	553717	
720	7	553734	
717	7	553749	
719	7	553764	
715	7	553780	
717	7	553796	
716	7	553811	
716	8	553827	
714	8	553842	
711	8	553858	
703	8	553874	
705	10	553890	
707	10	553907	
709	10	553923	
711	10	553940	
717	10	553957	
725	10	553973	
734	10	553990	
747	10	554007	
753	10	554023	
755	10	554040	
753	10	554056	
756	10	554074	
762	10	554090	
766	10	554106	
769	10	554123	
767	10	554140	
772	10	554157	
773	10	554173	
770	10	554189	
775	9	554206	
776	9	554221	
778	9	554236	
775	9	554252	
766	9	554268	
744	9	554284	
675	9	554299	
613	9	554314	
572	9	554331	
556	9	554346	
553	9	554361	
545	9	554377	
536	9	554393	
513	9	554408	
394	9	554424	
272	9	554439	
166	8	554455	
163	5	554471	
178	2	554486	
158	0	554502	
135	0	554517	
65	0	554532	
91	0	554547	
83	0	554562	
98	0	554577	
80	0	554592	
65	0	554607	
52	0	554622	
42	0	554638	
7	0	554653	
0	0	554668	
0	0	554682	
0	0	554696	
0	0	554712	
0	0	554726	
0	0	554740	
0	0	554755	
0	0	554768	
0	0	554782	
0	0	554797	
0	0	554811	
0	0	554825	
0	0	561462	
0	0	561476	
0	0	561490	
0	0	561506	
0	0	561520	
0	0	561534	
0	0	561549	
0	0	561563	
0	0	561579	
0	0	561593	
0	0	561607	
0	0	561622	
0	0	561637	
0	0	561650	
0	0	561664	
0	0	561677	
0	0	561690	
96	0	561704	
132	0	561720	
232	0	561735	
251	0	561751	
341	0	561766	
383	0	561782	
418	1	561798	
449	2	561813	
469	2	561828	
484	3	561844	
496	3	561860	
500	4	561875	
509	4	561891	
515	4	561906	
530	4	561923	
549	4	561938	
553	5	561953	
561	5	561969	
571	5	561985	
575	5	562000	
598	5	562016	
607	5	562031	
636	5	562048	
659	5	562063	
666	6	562078	
682	6	562094	
699	6	562109	
712	6	562125	
724	6	562141	
730	7	562156	
732	7	562171	
736	7	562188	
743	7	562203	
746	7	562219	
739	7	562234	
745	7	562250	
745	7	562266	
745	7	562281	
752	7	562296	
752	7	562313	
752	8	562328	
748	8	562343	
743	8	562359	
740	8	562374	
740	8	562391	
738	8	562406	
735	8	562421	
728	8	562437	
723	8	562453	
722	8	562468	
721	8	562484	
720	8	562499	
724	8	562515	
721	8	562531	
723	8	562546	
721	8	562562	
717	9	562577	
715	9	562593	
713	9	562609	
711	9	562624	
711	9	562639	
709	9	562656	
713	9	562671	
717	9	562686	
726	9	562702	
730	9	562718	
733	9	562734	
739	9	562749	
744	9	562764	
747	8	562781	
747	8	562796	
748	8	562811	
751	8	562827	
758	8	562842	
761	8	562859	
770	8	562874	
758	8	562889	
740	8	562905	
734	8	562921	
721	8	562936	
694	8	562952	
627	8	562967	
575	8	562983	
539	8	562999	
531	8	563014	
504	8	563030	
462	8	563046	
376	7	563061	
253	5	563077	
0	2	563091	
16	1	563105	
41	0	563120	
35	0	563134	
39	0	563148	
40	0	563164	
0	0	563178	
0	0	563191	
0	0	563206	
0	0	563220	
0	0	563235	
0	0	563250	
0	0	563264	
0	0	563278	
0	0	563293	
0	0	563308	
0	0	563322	
0	0	563337	
0	0	563351	
0	0	563366	
0	0	567034	
0	0	567048	
0	0	567061	
0	0	567074	
0	0	567088	
0	0	567102	
0	0	567115	
69	0	567129	
99	1	567143	
200	1	567158	
306	2	567175	
375	2	567190	
410	2	567205	
438	3	567221	
470	3	567236	
474	4	567252	
474	4	567268	
475	4	567283	
478	4	567299	
488	5	567315	
507	5	567330	
518	5	567346	
522	5	567361	
535	5	567377	
554	5	567393	
558	5	567408	
562	5	567424	
570	5	567440	
596	6	567455	
625	6	567471	
643	6	567486	
687	6	567501	
704	7	567518	
711	7	567533	
713	7	567548	
721	7	567564	
726	7	567580	
726	7	567596	
728	7	567611	
727	7	567626	
730	7	567643	
732	7	567658	
737	7	567673	
742	8	567689	
741	8	567705	
736	8	567720	
736	8	567736	
736	8	567751	
737	8	567767	
745	8	567783	
742	8	567798	
740	8	567814	
739	8	567829	
734	8	567845	
732	8	567861	
725	8	567876	
722	9	567891	
727	9	567908	
727	9	567923	
726	9	567939	
733	9	567954	
735	9	567970	
739	9	567986	
742	9	568001	
744	9	568016	
746	9	568032	
743	8	568048	
744	8	568064	
745	8	568079	
751	8	568094	
755	8	568111	
761	8	568126	
764	8	568141	
767	8	568157	
769	8	568173	
773	8	568188	
770	8	568204	
764	8	568219	
748	8	568235	
725	8	568251	
714	8	568266	
701	8	568282	
680	8	568297	
640	8	568313	
581	8	568329	
520	8	568344	
472	8	568359	
436	8	568376	
248	8	568391	
124	8	568407	
111	8	568422	
63	8	568437	
0	8	568452	
0	6	568465	
0	3	568478	
0	2	568493	
0	0	568506	
0	0	568519	
0	0	568532	
0	0	568546	
0	0	568560	
0	0	568573	
0	0	568587	
0	0	568600	
0	0	568613	
0	0	572588	
0	0	572601	
0	0	572614	
0	0	572628	
0	0	572642	
0	0	572655	
0	0	572668	
0	0	572683	
0	0	572696	
0	0	572709	
21	1	572723	
120	1	572738	
199	2	572753	
274	2	572770	
344	2	572785	
338	2	572801	
496	2	572816	
566	3	572832	
584	3	572848	
594	3	572863	
632	4	572878	
644	4	572894	
650	4	572910	
662	4	572925	
686	4	572941	
708	5	572956	
719	5	572973	
726	5	572988	
733	5	573003	
741	5	573019	
752	5	573035	
754	5	573050	
764	5	573066	
763	6	573081	
760	6	573097	
758	6	573113	
757	7	573128	
754	7	573144	
752	7	573159	
748	7	573175	
750	7	573191	
750	7	573206	
757	7	573221	
759	8	573238	
757	8	573253	
756	8	573268	
755	8	573284	
751	8	573300	
752	8	573316	
750	8	573331	
749	8	573346	
747	8	573363	
746	8	573378	
747	8	573393	
742	8	573409	
741	8	573424	
743	8	573441	
743	8	573456	
744	8	573471	
748	8	573487	
747	8	573503	
752	8	573518	
756	8	573534	
756	8	573549	
753	8	573565	
756	8	573581	
761	8	573596	
760	8	573612	
763	8	573628	
766	8	573643	
769	8	573659	
754	8	573674	
735	8	573689	
721	8	573706	
707	8	573721	
701	8	573736	
703	8	573752	
649	8	573768	
575	8	573784	
453	8	573799	
301	8	573814	
273	8	573831	
133	7	573846	
0	6	573860	
0	4	573874	
0	2	573888	
0	0	573901	
0	0	573915	
0	0	573928	
0	0	573941	
0	0	573956	
0	0	573969	
0	0	573982	
0	0	573996	
0	0	574009	
0	0	574023	
0	0	574036	
0	0	574050	
0	0	574063	
0	0	574076	
0	0	574091	
0	0	574104	
0	0	574117	
0	0	574131	
0	0	574144	
0	0	574158	
0	0	574172	
0	0	574185	
0	0	574198	
0	0	574212	
0	0	574226	
0	0	574239	
0	0	574253	
0	0	577511	
0	0	577524	
0	0	577538	
0	0	577552	
0	0	577565	
0	0	577579	
0	0	577592	
0	0	577605	
46	0	577619	
131	0	577635	
246	0	577650	
496	1	577666	
547	1	577681	
574	2	577697	
595	2	577713	
603	2	577728	
602	2	577743	
632	3	577760	
643	3	577775	
655	3	577790	
670	4	577806	
674	4	577822	
676	4	577838	
677	4	577853	
685	4	577868	
690	4	577884	
692	5	577900	
696	5	577915	
697	5	577931	
697	5	577946	
700	5	577963	
709	5	577978	
719	5	577993	
721	5	578009	
725	5	578025	
721	6	578040	
726	6	578056	
727	6	578071	
732	6	578087	
730	6	578103	
727	6	578118	
728	7	578134	
719	7	578149	
717	7	578165	
719	7	578181	
726	7	578196	
725	8	578211	
728	8	578228	
722	8	578243	
731	8	578258	
732	8	578274	
728	8	578290	
723	8	578306	
725	8	578321	
726	8	578336	
726	8	578352	
724	8	578368	
726	8	578383	
730	8	578399	
735	8	578414	
734	8	578430	
733	8	578446	
733	8	578461	
736	8	578477	
735	8	578493	
733	8	578508	
733	8	578524	
734	8	578539	
737	8	578555	
733	8	578571	
730	8	578586	
726	8	578601	
729	8	578617	
735	8	578633	
736	8	578649	
736	9	578664	
738	8	578679	
738	8	578696	
734	8	578711	
733	8	578726	
732	8	578742	
737	8	578758	
738	8	578774	
742	8	578789	
745	8	578804	
749	8	578821	
749	8	578836	
741	8	578851	
745	8	578867	
748	8	578882	
752	8	578898	
752	8	578914	
752	8	578929	
750	8	578945	
735	8	578961	
660	8	578976	
518	8	578992	
221	8	579007	
30	8	579022	
0	8	579037	
0	8	579050	
0	8	579063	
0	8	579078	
0	8	579091	
0	8	579104	
0	8	579118	
0	7	579131	
0	7	579145	
0	7	579159	
0	6	579172	
0	0	582430	
0	0	582444	
0	0	582457	
0	0	582471	
0	0	582484	
0	0	582498	
0	0	582511	
0	0	582524	
36	0	582539	
193	0	582554	
242	0	582569	
272	1	582585	
302	1	582600	
319	2	582617	
354	2	582632	
336	2	582647	
385	2	582663	
427	3	582678	
494	3	582694	
587	3	582710	
611	4	582725	
616	4	582740	
625	4	582757	
644	4	582772	
658	4	582788	
654	5	582803	
658	5	582819	
655	5	582835	
660	5	582850	
658	5	582865	
662	5	582882	
669	5	582897	
675	5	582913	
673	6	582928	
677	6	582943	
679	6	582960	
682	7	582975	
685	7	582990	
688	7	583006	
686	7	583022	
687	7	583037	
693	7	583053	
690	7	583068	
685	7	583085	
686	7	583100	
691	8	583115	
690	8	583131	
690	8	583147	
688	8	583162	
690	8	583178	
694	8	583193	
698	8	583208	
700	8	583225	
707	8	583240	
714	8	583256	
713	8	583271	
705	8	583287	
711	8	583303	
712	8	583318	
714	8	583333	
705	8	583350	
721	8	583365	
725	8	583380	
729	8	583396	
731	8	583412	
738	8	583428	
739	8	583443	
742	8	583458	
746	8	583474	
750	8	583490	
758	8	583505	
760	8	583521	
754	8	583536	
745	8	583553	
728	8	583568	
720	8	583583	
728	8	583599	
727	8	583615	
723	8	583630	
726	8	583646	
723	8	583661	
714	8	583676	
712	8	583693	
704	8	583708	
704	8	583724	
692	8	583739	
684	8	583755	
647	8	583771	
621	8	583786	
523	8	583801	
419	8	583818	
376	8	583833	
272	8	583848	
151	8	583864	
0	8	583879	
0	8	583892	
0	7	583906	
0	7	583919	
0	7	583933	
0	7	583947	
0	7	583960	
0	7	583973	
0	6	583987	
0	5	584001	
0	5	584014	
0	4	584028	
0	3	584041	
0	3	584054	
0	2	584069	
0	1	584082	
0	1	584095	
0	0	584109	
0	0	584122	
0	0	584136	
0	0	584150	
0	0	584163	
0	0	584176	
0	0	584189	
0	0	584204	
0	0	584217	
0	0	584230	
0	0	592198	
0	0	592211	
0	0	592225	
0	0	592238	
0	0	592252	
0	0	592266	
0	0	592279	
0	0	592292	
0	0	592306	
0	0	592320	
0	0	592333	
7	0	592347	
65	0	592360	
206	0	592375	
290	0	592391	
304	0	592407	
309	0	592422	
305	1	592438	
323	1	592453	
368	1	592470	
427	2	592485	
451	2	592500	
475	2	592516	
517	3	592532	
545	3	592547	
567	3	592563	
564	4	592578	
580	4	592593	
590	4	592610	
604	4	592625	
624	4	592641	
634	4	592656	
642	5	592672	
645	5	592688	
647	5	592703	
640	5	592718	
643	5	592735	
639	5	592750	
638	5	592765	
642	5	592781	
646	5	592797	
646	6	592813	
647	6	592828	
642	6	592843	
641	6	592859	
652	6	592875	
654	7	592890	
649	7	592906	
651	7	592921	
652	7	592937	
648	7	592953	
648	7	592968	
649	7	592984	
648	7	593000	
647	7	593015	
650	8	593031	
653	8	593046	
660	8	593061	
662	8	593078	
667	8	593093	
669	8	593108	
666	8	593124	
668	8	593140	
673	8	593156	
670	8	593171	
668	8	593186	
666	8	593203	
665	8	593218	
664	8	593233	
672	8	593249	
678	8	593265	
680	8	593281	
681	8	593296	
675	8	593311	
668	8	593327	
664	8	593343	
672	8	593358	
676	8	593374	
683	8	593389	
680	8	593405	
679	8	593421	
674	8	593436	
676	8	593452	
679	8	593468	
685	8	593483	
681	8	593499	
677	8	593514	
668	8	593530	
669	8	593546	
678	8	593561	
681	8	593576	
680	8	593592	
683	8	593608	
682	8	593624	
677	8	593639	
679	8	593654	
679	8	593671	
675	8	593686	
676	8	593701	
673	8	593717	
684	8	593733	
678	8	593748	
680	8	593764	
683	8	593779	
677	8	593796	
684	8	593811	
687	8	593826	
682	8	593842	
676	8	593857	
615	8	593873	
555	8	593889	
424	8	593904	
349	8	593920	
237	8	593936	
200	8	593951	
178	8	593967	
118	7	593982	
60	7	593997	
39	5	594012	
24	4	594026	
22	2	594040	
29	1	594056	
29	0	594070	
34	0	594084	
34	0	594099	
25	0	594114	
0	0	594128	
0	0	594142	
0	0	594155	
0	0	594168	
0	0	594183	
0	0	594196	
0	0	594209	
0	0	594223	
0	0	594236	
0	0	594250	
0	0	607529	
0	0	607543	
0	1	607556	
0	0	607570	
0	0	607584	
0	0	607597	
0	0	607610	
0	0	607624	
0	0	607638	
0	0	607651	
31	0	607665	
127	0	607680	
218	0	607695	
279	0	607712	
303	0	607727	
287	0	607742	
318	0	607758	
342	0	607774	
366	0	607790	
383	0	607805	
386	0	607820	
359	0	607836	
332	1	607852	
335	2	607867	
333	4	607883	
363	4	607898	
379	5	607915	
361	5	607930	
361	5	607945	
352	5	607961	
346	5	607977	
351	5	607992	
373	5	608008	
418	5	608023	
435	6	608039	
442	6	608055	
445	6	608070	
475	6	608086	
476	6	608101	
503	6	608117	
520	7	608133	
523	7	608148	
546	7	608163	
552	7	608180	
553	7	608195	
565	7	608210	
563	7	608226	
566	7	608242	
562	8	608258	
551	8	608273	
536	8	608288	
522	8	608304	
526	8	608320	
534	8	608335	
553	8	608351	
555	8	608366	
580	8	608382	
586	8	608398	
595	8	608413	
599	8	608429	
603	8	608445	
605	8	608460	
608	8	608476	
613	8	608491	
619	8	608507	
623	9	608523	
623	8	608538	
626	8	608553	
631	8	608569	
629	8	608585	
631	8	608601	
624	8	608616	
620	8	608631	
616	8	608648	
624	8	608663	
628	8	608678	
623	8	608694	
624	8	608710	
633	8	608726	
627	8	608741	
618	8	608756	
615	8	608773	
624	8	608788	
617	8	608803	
625	8	608819	
626	8	608834	
634	8	608850	
633	8	608866	
634	8	608881	
635	8	608897	
634	8	608913	
630	8	608928	
635	8	608944	
636	8	608959	
630	8	608975	
623	8	608991	
622	8	609006	
616	8	609021	
606	8	609038	
584	8	609053	
508	8	609069	
505	8	609084	
479	8	609099	
438	8	609116	
373	8	609131	
308	8	609146	
273	8	609162	
229	8	609178	
165	8	609193	
197	8	609209	
209	8	609224	
154	8	609241	
96	8	609255	
156	7	609270	
174	4	609286	
186	3	609301	
204	1	609317	
155	0	609333	
158	0	609348	
78	0	609363	
87	0	609378	
82	0	609392	
73	0	609406	
72	9	609422	
66	0	609436	
68	0	609451	
92	0	609465	
83	0	609479	
74	0	609495	
69	0	609509	
46	0	609523	
41	0	609538	
38	0	609552	
38	0	609567	
32	0	609582	
39	0	609596	
24	0	609610	
0	0	609626	
0	0	609639	
0	0	609652	
0	0	609666	
0	0	609679	
0	0	609693	
0	0	609707	
0	0	609720	
0	0	609733	
0	0	609746	
0	0	609761	
0	0	609774	
0	0	609787	
0	0	609801	
0	0	609814	
0	0	609828	
0	0	609842	
0	0	609855	
0	0	609868	
0	0	611910	
0	0	611923	
0	0	611937	
0	0	611950	
0	0	611964	
0	0	611978	
0	1	611991	
0	0	612004	
0	1	612018	
0	1	612032	
125	2	612046	
177	2	612062	
176	4	612077	
186	3	612092	
206	3	612109	
223	4	612124	
219	1	612140	
227	3	612155	
232	5	612171	
250	6	612187	
263	6	612202	
273	2	612217	
291	3	612234	
270	3	612249	
285	3	612264	
312	3	612280	
356	3	612295	
390	4	612312	
421	4	612327	
449	4	612342	
471	4	612358	
509	4	612374	
540	4	612389	
577	4	612405	
609	4	612420	
622	5	612436	
642	5	612452	
648	5	612467	
632	5	612483	
643	5	612499	
639	5	612514	
636	5	612530	
632	5	612545	
631	6	612560	
631	6	612577	
649	6	612592	
659	7	612608	
654	7	612623	
649	7	612639	
650	7	612655	
651	8	612670	
658	8	612685	
661	8	612702	
656	8	612717	
667	8	612732	
672	8	612748	
682	8	612763	
684	8	612780	
674	8	612795	
678	8	612810	
681	8	612826	
678	8	612842	
679	8	612857	
683	8	612873	
692	8	612888	
693	8	612904	
692	8	612920	
697	8	612935	
696	8	612951	
696	8	612967	
689	8	612982	
687	8	612998	
696	8	613013	
702	8	613028	
701	8	613045	
709	8	613060	
713	8	613075	
713	8	613091	
704	8	613107	
692	8	613123	
690	8	613138	
689	8	613153	
688	8	613170	
692	8	613185	
693	8	613200	
695	8	613216	
693	8	613232	
685	8	613248	
683	8	613263	
679	8	613278	
682	8	613294	
663	8	613310	
661	8	613325	
620	8	613341	
595	8	613356	
562	8	613372	
545	8	613388	
500	8	613403	
443	8	613419	
373	8	613435	
284	8	613450	
245	8	613466	
226	8	613481	
186	8	613497	
153	8	613513	
123	8	613528	
133	8	613543	
128	7	613559	
108	7	613575	
107	6	613591	
49	5	613605	
0	4	613620	
0	2	613634	
0	1	613647	
0	0	613660	
0	0	613673	
0	0	613688	
0	0	613701	
0	0	613714	
0	0	613728	
0	0	613741	
0	0	613755	
0	0	613769	
0	0	613782	
0	0	613795	
0	0	613809	
0	0	613823	
0	0	613836	
0	0	613850	
0	0	613863	
0	0	613876	
0	0	613891	
0	0	613904	
0	0	613917	
0	0	613931	
0	0	613944	
0	0	625013	
0	0	625027	
0	0	625040	
0	0	625053	
0	0	625068	
0	0	625081	
0	0	625094	
0	0	625107	
0	0	625121	
0	0	625135	
0	0	625148	
0	0	625162	
111	0	625176	
232	0	625191	
285	0	625207	
334	0	625223	
345	0	625239	
381	0	625254	
464	1	625269	
494	1	625286	
518	2	625301	
550	2	625316	
555	2	625332	
577	2	625348	
588	3	625363	
585	2	625379	
588	2	625394	
605	3	625410	
622	3	625426	
637	3	625441	
639	3	625457	
647	3	625472	
639	4	625488	
647	4	625504	
659	4	625519	
661	4	625534	
671	4	625551	
664	4	625566	
673	4	625582	
661	5	625597	
651	5	625613	
665	5	625629	
676	5	625644	
665	5	625659	
669	5	625675	
665	5	625691	
655	5	625707	
661	5	625722	
663	6	625737	
668	6	625754	
667	6	625769	
675	6	625784	
667	6	625800	
661	7	625816	
659	7	625831	
661	7	625847	
658	7	625862	
652	7	625879	
650	7	625894	
655	7	625909	
648	7	625925	
649	7	625940	
650	7	625956	
644	8	625972	
636	8	625987	
647	8	626002	
657	8	626019	
663	8	626034	
661	8	626050	
658	8	626065	
661	8	626081	
668	8	626097	
663	8	626112	
674	8	626127	
665	8	626144	
666	8	626159	
678	8	626174	
679	8	626190	
675	8	626205	
664	8	626222	
665	8	626237	
667	8	626252	
674	8	626268	
677	8	626284	
678	8	626299	
675	8	626315	
673	8	626330	
681	8	626347	
687	8	626362	
680	8	626377	
679	8	626393	
677	8	626408	
676	8	626424	
679	8	626440	
685	8	626455	
691	8	626470	
701	8	626487	
692	8	626502	
679	8	626518	
681	8	626533	
637	8	626549	
601	8	626565	
562	8	626580	
505	8	626595	
452	8	626612	
402	8	626627	
337	8	626642	
300	8	626658	
296	7	626673	
319	8	626690	
283	7	626705	
282	6	626720	
240	4	626736	
195	3	626752	
195	2	626767	
179	1	626783	
180	1	626798	
136	0	626814	
140	0	626830	
110	0	626845	
55	0	626861	
0	0	626875	
0	0	626888	
0	0	626902	
0	0	626915	
0	0	626929	
0	0	626942	
0	0	626956	
0	0	626969	
0	0	626982	
0	0	626997	
0	0	627010	
0	0	627023	
0	0	627037	
0	0	627050	
0	0	627064	
0	0	627078	
0	0	627091	
0	0	632963	
0	0	632976	
0	0	632990	
0	0	633004	
0	0	633017	
0	0	633030	
0	0	633043	
0	0	633058	
0	0	633071	
0	0	633084	
0	0	633098	
0	0	633111	
0	0	633125	
0	0	633139	
0	0	633152	
0	0	633165	
0	0	633179	
8	0	633193	
85	0	633206	
143	0	633222	
202	0	633237	
243	0	633252	
301	1	633269	
334	1	633284	
400	1	633299	
443	2	633315	
492	2	633330	
525	2	633347	
560	3	633362	
581	3	633377	
616	3	633393	
643	4	633409	
651	4	633424	
641	4	633440	
655	4	633455	
658	5	633472	
657	5	633487	
658	5	633502	
659	5	633518	
656	5	633534	
659	5	633549	
661	5	633565	
669	5	633580	
666	6	633595	
674	6	633612	
678	6	633627	
680	6	633643	
672	6	633658	
677	7	633674	
682	7	633690	
688	7	633705	
684	7	633720	
684	7	633737	
683	8	633752	
680	8	633767	
672	8	633783	
669	8	633799	
668	8	633815	
661	8	633830	
656	8	633845	
659	8	633861	
656	9	633877	
659	9	633892	
661	9	633908	
656	9	633923	
656	9	633939	
658	9	633955	
658	10	633971	
663	10	633988	
657	10	634005	
655	10	634021	
655	10	634038	
649	10	634054	
647	10	634072	
641	10	634088	
632	10	634104	
626	10	634121	
621	10	634138	
630	10	634155	
628	10	634171	
635	10	634187	
634	10	634205	
639	10	634221	
637	10	634237	
633	10	634254	
623	10	634271	
624	10	634288	
626	10	634304	
632	10	634320	
635	10	634338	
636	10	634354	
637	10	634371	
632	10	634387	
630	10	634404	
629	10	634421	
628	10	634437	
622	10	634454	
615	10	634471	
601	10	634487	
601	10	634504	
608	10	634520	
614	10	634537	
597	10	634554	
580	10	634570	
582	10	634587	
546	9	634603	
526	9	634618	
499	9	634634	
501	9	634649	
448	9	634665	
448	8	634681	
429	8	634696	
374	9	634712	
355	8	634727	
329	9	634743	
309	9	634759	
305	9	634774	
292	7	634789	
234	6	634806	
177	5	634821	
138	4	634836	
101	3	634852	
98	2	634867	
59	1	634882	
52	1	634896	
82	0	634910	
38	0	634926	
32	0	634940	
35	0	634954	
33	0	634969	
35	0	634984	
41	0	634998	
43	0	635013	
46	0	635027	
49	0	635041	
49	0	635057	
54	0	635071	
53	0	635085	
52	0	635100	
49	0	635115	
51	0	635129	
39	0	635144	
32	0	635158	
0	0	635172	
0	0	635187	
0	0	635200	
0	0	635213	
0	0	635227	
0	0	635240	
0	0	635254	
0	0	635268	
0	0	635281	
0	0	635294	
0	0	635308	
0	0	635322	
0	0	635335	
0	0	635348	
0	0	635362	
0	0	635375	
0	0	638688	
0	0	638701	
0	0	638715	
0	0	638729	
0	0	638742	
0	0	638755	
0	0	638769	
32	0	638783	
120	0	638798	
118	0	638814	
120	0	638829	
181	0	638844	
261	0	638861	
320	0	638876	
366	0	638892	
404	0	638907	
434	0	638923	
455	0	638939	
457	1	638954	
484	1	638969	
521	1	638985	
551	2	639001	
569	2	639016	
572	3	639032	
573	3	639047	
577	3	639064	
592	3	639079	
604	3	639094	
610	3	639110	
624	4	639126	
628	4	639141	
631	6	639157	
639	6	639172	
645	4	639187	
649	4	639204	
653	5	639219	
649	4	639235	
650	5	639250	
644	5	639266	
640	5	639282	
645	5	639297	
648	5	639312	
656	5	639329	
654	6	639344	
654	6	639360	
635	6	639375	
623	6	639391	
621	6	639407	
619	6	639422	
630	6	639437	
617	7	639453	
609	7	639469	
608	7	639484	
611	7	639500	
624	7	639515	
610	7	639532	
602	7	639547	
598	7	639562	
591	7	639578	
597	8	639594	
611	8	639609	
592	8	639625	
595	8	639640	
577	8	639656	
574	8	639672	
574	8	639687	
582	8	639703	
584	8	639718	
585	8	639734	
591	8	639750	
602	8	639765	
601	8	639780	
606	8	639797	
609	8	639812	
612	8	639827	
610	8	639843	
611	8	639859	
610	8	639875	
601	8	639890	
598	8	639905	
589	8	639922	
573	8	639937	
567	8	639952	
558	8	639968	
554	8	639983	
540	8	640000	
542	8	640015	
551	8	640030	
549	8	640046	
542	8	640062	
531	8	640077	
504	8	640093	
493	8	640108	
495	8	640124	
486	8	640140	
490	8	640155	
492	8	640171	
495	8	640186	
497	8	640202	
485	8	640218	
495	8	640233	
503	8	640248	
512	8	640265	
510	8	640280	
523	8	640295	
521	9	640311	
520	9	640327	
523	8	640343	
530	8	640358	
519	8	640373	
523	8	640390	
523	8	640405	
521	8	640420	
522	8	640436	
514	8	640451	
517	8	640467	
523	9	640483	
526	9	640498	
517	8	640514	
512	9	640530	
509	8	640545	
508	9	640561	
504	9	640576	
479	9	640592	
476	9	640608	
467	9	640623	
472	9	640638	
474	10	640656	
425	10	640672	
457	10	640689	
466	10	640705	
462	10	640722	
454	10	640739	
457	10	640755	
460	10	640772	
465	10	640789	
467	10	640805	
473	10	640822	
475	10	640838	
482	10	640856	
485	10	640872	
484	10	640888	
474	10	640905	
485	10	640922	
488	10	640939	
480	10	640955	
475	11	640971	
467	8	640988	
461	8	641003	
418	8	641018	
384	8	641034	
356	8	641049	
329	8	641065	
297	8	641081	
234	8	641096	
117	8	641112	
129	8	641128	
74	7	641142	
33	6	641157	
17	5	641172	
15	4	641186	
10	2	641201	
0	1	641215	
0	1	641228	
0	0	641243	
0	0	641256	
0	0	641269	
0	0	641283	
0	0	641296	
0	0	641310	
0	0	641324	
0	0	641337	
0	0	641350	
0	0	642634	
0	0	642650	
0	0	642664	
0	0	642678	
0	0	642693	
0	0	642708	
0	0	642722	
0	0	642737	
0	0	642751	
0	0	642764	
0	0	642780	
0	0	642794	
83	0	642809	
94	0	642825	
126	0	642841	
142	0	642859	
142	0	642875	
60	0	642889	
85	0	642905	
176	0	642920	
227	0	642935	
277	0	642951	
341	0	642966	
384	0	642981	
386	0	642998	
413	0	643013	
426	1	643028	
448	1	643044	
461	2	643060	
472	2	643076	
478	2	643091	
487	3	643106	
480	3	643123	
497	3	643138	
501	3	643153	
494	4	643169	
502	4	643185	
506	4	643201	
530	4	643216	
555	4	643231	
584	5	643247	
595	5	643263	
606	5	643278	
607	5	643294	
613	5	643309	
618	5	643325	
624	5	643341	
615	5	643356	
621	5	643372	
620	6	643388	
615	6	643403	
600	6	643419	
597	6	643434	
601	7	643450	
598	7	643466	
601	7	643481	
599	7	643496	
603	7	643512	
600	7	643528	
588	7	643544	
586	8	643559	
585	8	643574	
591	8	643591	
589	8	643606	
587	8	643621	
590	8	643637	
583	8	643653	
568	8	643668	
569	8	643684	
561	8	643699	
566	8	643716	
578	8	643731	
583	8	643746	
574	8	643762	
582	8	643777	
576	8	643793	
589	8	643809	
600	8	643824	
612	8	643840	
616	8	643856	
614	8	643871	
597	8	643887	
602	8	643902	
613	8	643918	
616	8	643934	
619	8	643949	
613	8	643964	
595	8	643980	
594	8	643996	
598	8	644012	
599	8	644027	
595	8	644042	
599	8	644059	
605	8	644074	
607	8	644089	
613	8	644105	
617	8	644121	
616	8	644136	
620	8	644152	
623	8	644167	
622	8	644184	
621	8	644199	
619	8	644214	
601	8	644230	
567	8	644245	
537	8	644261	
517	8	644277	
505	8	644292	
487	8	644307	
503	8	644324	
471	8	644339	
424	8	644355	
414	8	644370	
392	8	644386	
345	8	644402	
330	8	644417	
286	8	644432	
255	8	644449	
238	8	644464	
227	7	644480	
254	5	644495	
244	2	644510	
151	0	644527	
0	0	644541	
0	0	644554	
0	0	644569	
0	0	644582	
0	0	644595	
0	0	644609	
0	0	644622	
0	0	644636	
0	0	644651	
0	0	644664	
0	0	644677	
0	0	644691	
0	0	644706	
0	0	644719	
0	0	644732	
0	0	644746	
0	0	644759	
0	0	649611	
0	0	649626	
0	0	649640	
0	0	649655	
0	0	649669	
0	0	649682	
0	0	649698	
0	0	649712	
0	0	649726	
0	0	649741	
0	0	649755	
51	0	649771	
96	0	649787	
129	0	649802	
113	0	649818	
81	0	649833	
105	0	649848	
78	0	649863	
50	0	649877	
42	0	649892	
178	0	649908	
248	0	649923	
315	1	649938	
337	1	649954	
372	2	649969	
421	2	649986	
449	3	650001	
483	3	650016	
496	4	650032	
498	4	650048	
497	4	650063	
514	5	650079	
516	5	650094	
534	5	650110	
523	5	650126	
541	5	650141	
565	6	650157	
575	6	650173	
589	6	650188	
601	6	650204	
614	7	650219	
628	7	650234	
642	7	650251	
640	7	650266	
645	7	650281	
648	7	650297	
650	7	650313	
647	7	650329	
661	7	650344	
663	8	650359	
669	8	650376	
665	8	650391	
663	8	650406	
661	8	650422	
670	8	650438	
665	8	650454	
663	8	650469	
671	8	650484	
666	8	650500	
663	8	650516	
659	8	650531	
663	8	650547	
656	8	650562	
645	8	650578	
627	8	650594	
611	8	650609	
626	8	650625	
630	8	650641	
641	8	650656	
646	8	650672	
646	8	650687	
648	8	650702	
639	8	650719	
636	8	650734	
627	8	650749	
623	8	650765	
614	8	650781	
626	8	650797	
630	8	650812	
637	8	650827	
633	8	650844	
630	8	650859	
642	8	650874	
648	8	650890	
655	8	650906	
655	8	650921	
639	8	650937	
642	8	650952	
634	8	650968	
618	8	650984	
611	8	650999	
608	8	651015	
605	8	651030	
569	8	651046	
531	8	651062	
478	8	651077	
425	8	651092	
366	8	651109	
374	8	651124	
328	8	651140	
307	8	651155	
250	7	651171	
164	5	651187	
149	4	651202	
76	1	651216	
52	0	651232	
0	0	651246	
0	0	651259	
0	0	651273	
0	0	651286	
0	0	651300	
0	0	651314	
0	0	651327	
